[Default_6.0]
param19=25
param22=100
param10=0
param9=0
param12=0
param6=0
param15=2
param16=4
param13=4
param14=0
param18=6
param4=3
param81=1
param3=1
param2=4
param11=0
param20=5
param25=0
param30=1
param29=3
param27=0
param28=3
param26=0
param77=1
param24=1
param21=6
param23=1
__coloradjust=1.00000000 0 0 0 256 192
[__def_unsaved]
param2=4
param6=0
param9=0
param12=0
param14=0
param19=111
param27=0
__coloradjust=1.00000000 0 -7 -31 209 192
param22=100
param80=0
